0 0.3296875 0.45625 0.18203125 0.259375
0 0.3015625 0.11015625 0.121875 0.190625
3 0.3734375 0.7640625 0.12734375 0.1390625
3 0.7875 0.24921875 0.09453125 0.17109375
3 0.68125 0.190625 0.08828125 0.128125
3 0.7296875 0.66328125 0.05234375 0.15390625
3 0.909375 0.61875 0.0921875 0.12109375
3 0.66484375 0.93203125 0.08125 0.1109375
2 0.49921875 0.88046875 0.0828125 0.171875
2 0.43046875 0.140625 0.125 0.190625
1 0.52734375 0.465625 0.034375 0.13046875
3 0.6125 0.278125 0.034375 0.071875
3 0.565625 0.4046875 0.03984375 0.0875
3 0.72890625 0.48671875 0.046875 0.07109375
3 0.58828125 0.88203125 0.04375 0.09140625
5 0.34921875 0.884375 0.053125 0.0734375