0 0.35 0.040625 0.10546875 0.0765625
0 0.3375 0.37890625 0.10703125 0.203125
0 0.3640625 0.77734375 0.16640625 0.29296875
2 0.46328125 0.390625 0.1171875 0.278125
2 0.44921875 0.178125 0.084375 0.115625
3 0.734375 0.378125 0.07109375 0.18046875
3 0.83828125 0.48984375 0.0984375 0.19296875
3 0.9640625 0.89140625 0.071875 0.13359375
3 0.79140625 0.9359375 0.065625 0.103125
3 0.6125 0.6375 0.04296875 0.078125
3 0.7875 0.71953125 0.040625 0.0859375
5 0.5953125 0.096875 0.0515625 0.071875
3 0.628125 0.934375 0.07109375 0.1015625