0 0.30234375 0.3765625 0.1171875 0.2859375
0 0.2921875 0.08359375 0.1234375 0.146875
3 0.3671875 0.69765625 0.11328125 0.115625
3 0.725 0.60078125 0.0765625 0.07890625
3 0.9046875 0.53125 0.10703125 0.12109375
3 0.65234375 0.86015625 0.059375 0.1265625
2 0.48125 0.809375 0.0578125 0.1515625
2 0.43125 0.09140625 0.10859375 0.18046875
3 0.7703125 0.190625 0.0890625 0.18046875
3 0.61015625 0.20703125 0.0390625 0.06640625
3 0.725 0.40625 0.04453125 0.09609375
3 0.5765625 0.59453125 0.05078125 0.10859375
3 0.5640625 0.35078125 0.0453125 0.0875
5 0.3453125 0.79453125 0.04375 0.06640625