0 0.309375 0.1671875 0.12578125 0.19609375
0 0.31171875 0.5296875 0.1421875 0.2515625
3 0.3625 0.8484375 0.15625 0.1390625
3 0.69375 0.26484375 0.071875 0.1484375
3 0.79375 0.3125 0.08515625 0.146875
2 0.44140625 0.228125 0.103125 0.2390625
2 0.49140625 0.934375 0.053125 0.13046875
3 0.7296875 0.7515625 0.08203125 0.103125
3 0.7328125 0.553125 0.078125 0.10859375
3 0.62734375 0.9390625 0.1203125 0.121875
3 0.9234375 0.7203125 0.10078125 0.12890625
3 0.5734375 0.47578125 0.05234375 0.09296875
3 0.58125 0.74765625 0.0453125 0.0875