3 0.825 0.2078125 0.06015625 0.1125
3 0.778125 0.340625 0.059375 0.0859375
5 0.725 0.27421875 0.040625 0.06796875
2 0.7578125 0.9359375 0.05078125 0.09453125
2 0.75546875 0.68828125 0.06875 0.109375
2 0.2484375 0.353125 0.06015625 0.1125
2 0.1734375 0.56484375 0.07421875 0.09296875
2 0.16640625 0.703125 0.0578125 0.10546875
5 0.6703125 0.74296875 0.0421875 0.08046875
5 0.7640625 0.76796875 0.04453125 0.071875
5 0.71796875 0.7734375 0.0515625 0.0609375
6 0.8421875 0.92578125 0.1453125 0.1484375
6 0.1796875 0.11015625 0.1640625 0.21796875
6 0.78046875 0.05546875 0.1109375 0.10859375