3 0.03515625 0.35 0.0484375 0.071875
3 0.1046875 0.6453125 0.04765625 0.0765625
0 0.190625 0.13984375 0.184375 0.24296875
5 0.2140625 0.52890625 0.08203125 0.0890625
3 0.56328125 0.61796875 0.0734375 0.15
3 0.6296875 0.6296875 0.046875 0.0765625
3 0.68984375 0.7875 0.09375 0.15546875
3 0.596875 0.1140625 0.065625 0.1109375
3 0.828125 0.134375 0.08203125 0.12109375
0 0.93125 0.23671875 0.13046875 0.265625
3 0.796875 0.96015625 0.11484375 0.07890625
2 0.9125 0.75546875 0.05390625 0.0859375
1 0.80078125 0.73984375 0.0984375 0.17890625