3 0.0671875 0.25234375 0.0515625 0.1125
3 0.13046875 0.54609375 0.0578125 0.0890625
3 0.134375 0.953125 0.046875 0.09296875
5 0.2390625 0.43046875 0.07734375 0.10546875
0 0.2203125 0.0890625 0.1546875 0.1359375
3 0.58984375 0.54609375 0.0765625 0.146875
3 0.659375 0.5765625 0.046875 0.09140625
3 0.7203125 0.72578125 0.07421875 0.1484375
3 0.62421875 0.05546875 0.0796875 0.1
3 0.8359375 0.92734375 0.12265625 0.1375
0 0.94296875 0.196875 0.1046875 0.2234375
3 0.8515625 0.06953125 0.065625 0.103125