2 0.16171875 0.209375 0.10625 0.16640625
2 0.315625 0.15390625 0.06484375 0.096875
2 0.3125 0.2875 0.08203125 0.10546875
2 0.409375 0.49375 0.0484375 0.11796875
2 0.684375 0.653125 0.08203125 0.11796875
2 0.26953125 0.9046875 0.078125 0.1015625
2 0.665625 0.8796875 0.10859375 0.16796875
5 0.403125 0.31015625 0.05234375 0.0625
0 0.71875 0.22109375 0.06171875 0.11640625
0 0.8375 0.4984375 0.09140625 0.16953125
0 0.89921875 0.83046875 0.1453125 0.2359375
0 0.2109375 0.7640625 0.296875 0.21953125
3 0.4609375 0.928125 0.09296875 0.14296875