0 0.33359375 0.0453125 0.1046875 0.084375
0 0.321875 0.3796875 0.12890625 0.2515625
0 0.3484375 0.85703125 0.12421875 0.25
1 0.5203125 0.85703125 0.09765625 0.2
1 0.49375 0.696875 0.03125 0.11640625
3 0.55625 0.671875 0.071875 0.15703125
1 0.54921875 0.440625 0.1046875 0.21796875
1 0.528125 0.1625 0.16171875 0.2890625
3 0.45 0.4078125 0.040625 0.09296875
3 0.72578125 0.309375 0.06875 0.128125
1 0.75546875 0.634375 0.0984375 0.0625
1 0.921875 0.15078125 0.1046875 0.26796875
2 0.9734375 0.3640625 0.046875 0.1140625