3 0.040625 0.1140625 0.07734375 0.14140625
3 0.09375 0.8671875 0.05625 0.10703125
3 0.0171875 0.590625 0.03203125 0.10546875
3 0.20390625 0.746875 0.0765625 0.1140625
0 0.15234375 0.3453125 0.1625 0.2625
3 0.55625 0.23671875 0.06015625 0.09609375
3 0.553125 0.7390625 0.08203125 0.125
3 0.61875 0.74765625 0.04609375 0.07109375
3 0.696875 0.9015625 0.07734375 0.153125
3 0.6671875 0.065625 0.07421875 0.11953125
3 0.78828125 0.2484375 0.0765625 0.171875
2 0.9046875 0.846875 0.05234375 0.084375
0 0.9140625 0.33203125 0.14765625 0.2390625
0 0.8703125 0.05625 0.07421875 0.1015625
5 0.33828125 0.17109375 0.0328125 0.05
3 0.46953125 0.096875 0.065625 0.07109375
1 0.35625 0.046875 0.07890625 0.06796875