0 0.2984375 0.3234375 0.14609375 0.278125
3 0.35546875 0.61796875 0.11875 0.14140625
2 0.478125 0.75234375 0.0640625 0.13203125
3 0.58125 0.73046875 0.05078125 0.096875
3 0.60546875 0.86796875 0.046875 0.10546875
3 0.88828125 0.465625 0.0625 0.1140625
3 0.7125 0.346875 0.0578125 0.10859375
3 0.7609375 0.1078125 0.0828125 0.1234375
3 0.665625 0.05625 0.0625 0.0875
0 0.95546875 0.25859375 0.0890625 0.2140625
2 0.4046875 0.06796875 0.14609375 0.1109375
3 0.54921875 0.275 0.053125 0.0640625
3 0.5921875 0.140625 0.05 0.075
3 0.5640625 0.5390625 0.05859375 0.078125