2 0.159375 0.5484375 0.08671875 0.10546875
3 0.2875 0.678125 0.1359375 0.22109375
0 0.27265625 0.92421875 0.1125 0.1515625
3 0.5421875 0.7109375 0.18671875 0.203125
3 0.503125 0.19765625 0.05546875 0.0765625
3 0.5234375 0.30234375 0.07109375 0.090625
3 0.5515625 0.49375 0.05234375 0.0875
0 0.9484375 0.5421875 0.1015625 0.22109375
0 0.9328125 0.1359375 0.10546875 0.15
2 0.4046875 0.16484375 0.07421875 0.09296875
2 0.40625 0.9453125 0.04765625 0.09609375
3 0.2890625 0.03359375 0.12265625 0.0609375
5 0.26875 0.09609375 0.0453125 0.04140625