0 0.3171875 0.20234375 0.12265625 0.19296875
0 0.3265625 0.56015625 0.16953125 0.2625
2 0.44765625 0.2625 0.121875 0.2359375
2 0.428125 0.0625 0.0828125 0.1
3 0.7078125 0.29921875 0.07578125 0.115625
3 0.7984375 0.38203125 0.09140625 0.171875
3 0.7359375 0.8015625 0.0953125 0.1109375
3 0.921875 0.74453125 0.07109375 0.1609375
3 0.3765625 0.88203125 0.15078125 0.1140625
3 0.57421875 0.50703125 0.0375 0.0890625
3 0.61953125 0.371875 0.046875 0.0765625
3 0.740625 0.59921875 0.03984375 0.065625
3 0.58046875 0.77578125 0.0546875 0.084375