0 0.28984375 0.28671875 0.1359375 0.265625
3 0.3421875 0.60078125 0.109375 0.1265625
5 0.32421875 0.69921875 0.0359375 0.0515625
2 0.46171875 0.7171875 0.0390625 0.14296875
3 0.56640625 0.7109375 0.0578125 0.0640625
3 0.6015625 0.82578125 0.07109375 0.0875
3 0.87890625 0.43203125 0.0515625 0.103125
3 0.7015625 0.30625 0.0421875 0.0875
3 0.7515625 0.0875 0.08828125 0.13359375
0 0.95546875 0.23515625 0.0890625 0.259375
2 0.3984375 0.0625 0.14921875 0.10859375
3 0.7015625 0.5078125 0.046875 0.08203125
3 0.5390625 0.24921875 0.03359375 0.08203125
3 0.5578125 0.5078125 0.05078125 0.0875
3 0.58515625 0.12265625 0.0546875 0.0625
1 0.5015625 0.31015625 0.0390625 0.1015625