0 0.3 0.1359375 0.12890625 0.20546875
0 0.328125 0.49609375 0.16484375 0.24140625
2 0.446875 0.1921875 0.134375 0.2265625
2 0.4890625 0.92890625 0.0703125 0.14140625
3 0.36015625 0.79609375 0.13125 0.153125
3 0.6796875 0.22890625 0.09609375 0.1390625
3 0.784375 0.28671875 0.08359375 0.1875
3 0.72578125 0.715625 0.078125 0.103125
3 0.91015625 0.675 0.0765625 0.1609375
3 0.59375 0.92265625 0.06640625 0.09296875
5 0.35390625 0.9171875 0.0421875 0.06796875
3 0.571875 0.434375 0.04296875 0.07109375
3 0.73125 0.51875 0.04921875 0.084375
3 0.578125 0.70703125 0.04375 0.1109375