0 0.3109375 0.3171875 0.12734375 0.22890625
0 0.33125 0.6828125 0.14609375 0.22890625
2 0.453125 0.35625 0.12109375 0.21796875
2 0.4390625 0.15703125 0.078125 0.1140625
3 0.7171875 0.38359375 0.0578125 0.096875
3 0.80625 0.478125 0.08828125 0.165625
3 0.9375 0.88359375 0.065625 0.1
3 0.76015625 0.91328125 0.1015625 0.12890625
1 0.54296875 0.678125 0.0390625 0.1234375
3 0.5875 0.09765625 0.040625 0.08203125
3 0.62734375 0.471875 0.0328125 0.0875
3 0.75625 0.7015625 0.05078125 0.078125
3 0.6 0.89765625 0.05859375 0.0984375