3 0.0484375 0.05390625 0.075 0.09453125
3 0.0203125 0.51484375 0.0328125 0.0984375
3 0.09140625 0.796875 0.0484375 0.096875
0 0.1609375 0.26171875 0.1828125 0.25390625
0 0.2 0.67109375 0.0765625 0.13046875
3 0.55703125 0.69140625 0.0703125 0.1359375
3 0.61796875 0.7046875 0.034375 0.0765625
3 0.6859375 0.85546875 0.06953125 0.13359375
3 0.5640625 0.1796875 0.05390625 0.13203125
3 0.62265625 0.25546875 0.034375 0.05859375
3 0.68359375 0.04609375 0.0640625 0.0859375
1 0.7859375 0.79140625 0.08125 0.171875
2 0.903125 0.803125 0.0515625 0.078125
0 0.92265625 0.29609375 0.1546875 0.29140625
3 0.784375 0.203125 0.07734375 0.14609375