3 0.05 0.09296875 0.08046875 0.16640625
3 0.02109375 0.5671875 0.040625 0.08203125
3 0.1078125 0.8578125 0.07109375 0.09296875
0 0.1609375 0.3234375 0.1703125 0.26953125
0 0.20078125 0.72421875 0.0859375 0.10390625
3 0.5578125 0.721875 0.07578125 0.12109375
3 0.62421875 0.7234375 0.0484375 0.06640625
3 0.69375 0.88828125 0.078125 0.1234375
3 0.565625 0.21328125 0.06015625 0.10703125
3 0.6734375 0.05234375 0.0703125 0.09296875
3 0.790625 0.234375 0.0796875 0.15546875
0 0.921875 0.3265625 0.15546875 0.25
2 0.9109375 0.8328125 0.04609375 0.07890625
0 0.8765625 0.0328125 0.06875 0.0625
5 0.34296875 0.1515625 0.04375 0.0609375