0 0.23515625 0.425 0.1890625 0.31953125
3 0.1046875 0.52421875 0.05390625 0.0734375
3 0.3515625 0.29765625 0.0578125 0.0984375
3 0.465625 0.25078125 0.1109375 0.18203125
3 0.6015625 0.4453125 0.11953125 0.19609375
3 0.459375 0.490625 0.1484375 0.271875
2 0.5 0.6859375 0.11484375 0.1640625
2 0.584375 0.9203125 0.11875 0.159375
3 0.49609375 0.9234375 0.0625 0.08046875
3 0.6609375 0.77109375 0.075 0.13046875
3 0.9046875 0.715625 0.175 0.34609375
2 0.96171875 0.28359375 0.0765625 0.14453125
1 0.8078125 0.384375 0.1375 0.1234375
3 0.5875 0.11015625 0.08359375 0.15703125
0 0.18125 0.1125 0.20703125 0.203125
3 0.1734375 0.9515625 0.171875 0.096875