2 0.440625 0.959375 0.07578125 0.08046875
0 0.3375 0.7578125 0.14453125 0.2625
0 0.3171875 0.271875 0.1703125 0.240625
1 0.5171875 0.78515625 0.078125 0.134375
1 0.484375 0.62421875 0.040625 0.1515625
3 0.546875 0.58984375 0.05234375 0.184375
1 0.49453125 0.14921875 0.1671875 0.2765625
1 0.5640625 0.38359375 0.09765625 0.16640625
3 0.4375 0.3421875 0.0578125 0.07109375
3 0.72265625 0.265625 0.0734375 0.109375
3 0.8953125 0.11953125 0.10546875 0.2359375
1 0.75546875 0.55625 0.0734375 0.0625
2 0.9703125 0.365625 0.059375 0.23359375