5 0.51640625 0.0375 0.0515625 0.06953125
5 0.8046875 0.3609375 0.04140625 0.071875
0 0.2796875 0.384375 0.14140625 0.24453125
0 0.39921875 0.428125 0.0953125 0.165625
0 0.31875 0.78359375 0.178125 0.2890625
0 0.96015625 0.17421875 0.0796875 0.17890625
0 0.97734375 0.46953125 0.0453125 0.13046875
5 0.52578125 0.2140625 0.0421875 0.11640625
5 0.425 0.03203125 0.05703125 0.0609375
2 0.3890625 0.56640625 0.07109375 0.096875
2 0.778125 0.59453125 0.10703125 0.153125
3 0.5640625 0.75546875 0.25390625 0.4890625