2 0.3015625 0.378125 0.06328125 0.1234375
2 0.3140625 0.24140625 0.06796875 0.075
2 0.15625 0.3078125 0.09453125 0.159375
2 0.23125 0.0703125 0.075 0.0875
2 0.1328125 0.03515625 0.06640625 0.06796875
2 0.4015625 0.58671875 0.06015625 0.1125
2 0.67890625 0.771875 0.059375 0.09609375
5 0.3984375 0.421875 0.04296875 0.0515625
0 0.671875 0.046875 0.11015625 0.090625
0 0.6984375 0.34296875 0.10546875 0.13046875
0 0.8109375 0.628125 0.125 0.1734375
0 0.8609375 0.9140625 0.10859375 0.171875
0 0.1671875 0.8765625 0.28359375 0.246875
0 0.6453125 0.96328125 0.11875 0.0734375