6 0.18125 0.109375 0.16953125 0.215625
6 0.7796875 0.04921875 0.12734375 0.09609375
6 0.853125 0.921875 0.13515625 0.15546875
2 0.759375 0.67734375 0.07890625 0.109375
2 0.1671875 0.6921875 0.06640625 0.1125
2 0.1765625 0.55546875 0.07734375 0.0890625
2 0.25625 0.340625 0.04765625 0.1015625
5 0.728125 0.26328125 0.040625 0.05390625
5 0.67109375 0.74453125 0.0328125 0.075
5 0.7234375 0.76328125 0.0359375 0.0765625
5 0.7671875 0.75625 0.05078125 0.065625
2 0.76328125 0.928125 0.05625 0.08203125
3 0.784375 0.334375 0.05546875 0.1125
3 0.8265625 0.2015625 0.05546875 0.103125