3 0.04765625 0.071875 0.0765625 0.13046875
3 0.0234375 0.54375 0.04453125 0.07109375
3 0.10625 0.82265625 0.05 0.09609375
5 0.21015625 0.68828125 0.09375 0.09609375
0 0.1609375 0.30390625 0.16796875 0.246875
3 0.559375 0.69609375 0.07578125 0.1609375
3 0.6234375 0.7140625 0.03828125 0.0890625
3 0.696875 0.86171875 0.09140625 0.14296875
3 0.56875 0.20078125 0.05859375 0.09609375
3 0.625 0.26484375 0.03203125 0.059375
3 0.68515625 0.03984375 0.078125 0.0765625
3 0.79140625 0.196875 0.0828125 0.1234375
0 0.92421875 0.29765625 0.1515625 0.3125
2 0.9078125 0.809375 0.05078125 0.075
5 0.35 0.12578125 0.03984375 0.07109375