2 0.0390625 0.259375 0.07265625 0.12890625
2 0.0671875 0.428125 0.0921875 0.1640625
2 0.1984375 0.44765625 0.06640625 0.11796875
2 0.2765625 0.653125 0.05703125 0.1015625
2 0.10546875 0.76953125 0.1109375 0.196875
3 0.2484375 0.82734375 0.07890625 0.140625
3 0.34765625 0.85 0.034375 0.0609375
0 0.6609375 0.50703125 0.115625 0.20546875
0 0.6859375 0.87421875 0.07421875 0.13203125
0 0.61328125 0.1890625 0.10625 0.1890625
3 0.503125 0.08125 0.04765625 0.084375
5 0.0265625 0.95546875 0.04140625 0.0890625