6 0.803125 0.046875 0.08515625 0.09140625
6 0.2 0.0984375 0.14921875 0.19453125
6 0.2046875 0.9515625 0.11015625 0.096875
6 0.8640625 0.90703125 0.13671875 0.18046875
2 0.1859375 0.66484375 0.05703125 0.109375
2 0.19140625 0.53125 0.084375 0.0984375
2 0.26484375 0.32265625 0.0578125 0.109375
2 0.775 0.6734375 0.08203125 0.13046875
5 0.6828125 0.72421875 0.03125 0.0734375
5 0.7265625 0.75234375 0.03046875 0.07109375
5 0.78125 0.73984375 0.04453125 0.05390625
2 0.7734375 0.915625 0.05234375 0.08359375
3 0.79375 0.31796875 0.04765625 0.09453125
3 0.84375 0.18828125 0.0578125 0.0984375
5 0.74375 0.246875 0.0453125 0.09296875