5 0.7328125 0.2484375 0.0421875 0.08359375
5 0.6796875 0.73515625 0.0359375 0.0765625
5 0.72734375 0.75625 0.034375 0.0765625
5 0.7734375 0.74609375 0.04609375 0.053125
2 0.25625 0.32578125 0.04609375 0.1265625
2 0.1734375 0.6734375 0.05625 0.10546875
2 0.18359375 0.54140625 0.0765625 0.0859375
2 0.7625 0.6609375 0.0796875 0.125
3 0.84296875 0.190625 0.0640625 0.11640625
3 0.78515625 0.31640625 0.053125 0.09453125
6 0.2078125 0.95546875 0.0921875 0.0890625
6 0.1921875 0.1015625 0.16796875 0.2
6 0.7921875 0.046875 0.10390625 0.09140625
6 0.85859375 0.9140625 0.1359375 0.171875
2 0.7671875 0.92578125 0.05390625 0.084375