6 0.23359375 0.12109375 0.121875 0.21640625
3 0.303125 0.38125 0.08515625 0.1515625
2 0.4265625 0.52734375 0.07265625 0.12890625
3 0.5359375 0.52734375 0.03828125 0.06796875
3 0.5515625 0.64375 0.04765625 0.084375
2 0.59609375 0.85703125 0.059375 0.10546875
5 0.1578125 0.953125 0.05234375 0.09296875
3 0.83125 0.2703125 0.06484375 0.115625
0 0.96328125 0.07109375 0.0625 0.1109375
1 0.4703125 0.121875 0.05625 0.1
3 0.675 0.159375 0.05078125 0.0875
3 0.6671875 0.33046875 0.06171875 0.103125
3 0.52578125 0.34140625 0.0609375 0.071875