0 0.32265625 0.35234375 0.1140625 0.23203125
0 0.33125 0.73671875 0.16796875 0.27109375
2 0.453125 0.378125 0.11015625 0.2359375
2 0.43671875 0.16328125 0.0796875 0.1265625
3 0.70625 0.4078125 0.06484375 0.115625
3 0.815625 0.484375 0.10078125 0.1640625
3 0.9421875 0.9140625 0.08359375 0.1359375
3 0.75625 0.92890625 0.10546875 0.14140625
3 0.5890625 0.62734375 0.04765625 0.0875
3 0.7546875 0.71796875 0.0421875 0.08046875
3 0.58125 0.103125 0.04296875 0.0984375
3 0.6 0.921875 0.04765625 0.13046875